URL=http://google.com
1475869129,301
1475869159,301
1475869189,301
1475869219,301
1475869249,301
1475869279,301
1475869309,301
1475869339,301
1475869369,301
1475869399,301
1475869429,301
1475869459,301
1475869489,301
1475869520,301
1475869550,301
1475869580,301
1475869610,301
1475869640,301
1475869670,301
1475869700,301
1475869730,301
1475869760,301
1475869790,301
1475869820,301
1475869850,301
1475869880,301
1475869910,301
1475869940,301
1475869970,301
1475870000,301
1475870031,301
1475870061,301
1475870091,301
1475870121,301
1475870151,301
1475870181,301
1475870211,301
1475870241,301
1475870271,301
1475870301,301
1475870331,301
1475870361,301
1475870391,301
1475870421,301
1475870451,301
1475870481,301
1475870511,301
1475870542,301
1475870572,301
1475870602,301
1475870632,301
1475870662,301
1475870692,301
1475870722,301
1475870752,301
1475870783,301
1475870813,301
1475870843,301
1475870873,301
